;ROI_1;ROI_2;ROI_3;ROI_4;ROI_5;ROI_6;ROI_7;ROI_8;ROI_9;ROI_10;ROI_11;ROI_12;ROI_13;ROI_14;ROI_15;ROI_16;ROI_17
1;-0.08026264953615789;-0.18420625857049372;-0.08949155454483679;-0.05365474994203355;-0.058829352089898895;-0.03595279680574967;0.10042137895236428;0.20945537685255775;-0.02380871284264877;-0.023079802407209513;-0.0029097409640618625;0.02233759600011721;-0.002514928196006252;0.02304428819755233;0.0365973224350809;0.0355249218446613;0.020800052021794246
2;-0.20129021987953333;-0.3258763347152823;-0.01991677308461529;0.06804389789342453;-0.01514951226860781;0.033287321715864356;0.2597409670991465;0.3912124353916114;-0.016687297197042986;-0.11006803100338583;-0.04196530363337637;0.08995667895806152;-0.08566553545009988;0.10733907075680255;0.08893332661346157;-0.1208006176676888;-0.059377839455341995
3;-0.29680379141774804;-0.35803515149137854;0.09963458229641059;0.19521525591054253;0.023661054729209353;0.12451989037421327;0.35777390297951533;0.41933059561049635;0.039955727913387064;-0.15613873308017986;-0.15854075229019393;0.0867067777019516;-0.17720003875686235;0.1794211101684865;0.029715692021385295;-0.30964150765997217;-0.15821935710812304
4;-0.2785295480906476;-0.25561443376923626;0.20666725531819824;0.20504857926406334;-0.00023149259725649066;0.16256638770928047;0.29201124511660725;0.26221084558852886;0.08361918027376447;-0.07313623359663207;-0.3650161747179697;0.015260961181420736;-0.17035621978672866;0.15898460198451375;-0.153120877667125;-0.3879042581561171;-0.1780419207599005
5;-0.13672787012523496;-0.07841916675730046;0.24351699991955125;0.06788762864229764;-0.08162682932116451;0.11092769313050682;0.06993303563250064;0.03059345635592108;0.03685179084275681;0.13274420004342188;-0.5174574633229319;-0.06892703545572657;-0.04154246029112473;0.014372658460806917;-0.3176194137900909;-0.25320835651208373;-0.07353182167171882
6;0.03242309935720777;0.09147248109484044;0.19969108846116948;-0.11410396097649182;-0.14310165099854355;0.018229360394763732;-0.18115256661527843;-0.12951514000213826;-0.09456399263552569;0.3361131822049537;-0.4276867588276043;-0.11910630422052133;0.09768359353721909;-0.17901147816442078;-0.2809813391610929;0.04204230504879316;0.0837742181895031
7;0.11147923297144288;0.2119877607315757;0.11117411575292174;-0.20515409327191284;-0.1094960812730137;-0.028464883842925597;-0.31241452126704217;-0.1621834850607934;-0.2049393729678383;0.38750718203665035;-0.0777260496877767;-0.13267954491835607;0.11090493978177522;-0.28161757468048804;-0.009964879282315407;0.3017915018591064;0.16165724032429205
8;0.0754721903684374;0.2855076958781667;0.02316569842149087;-0.16421893788115652;0.010857828200150615;-0.00012717845130836452;-0.2724710578131717;-0.11818713668820499;-0.19026529628968458;0.2455939002030943;0.3194247429609423;-0.12640149799127462;-0.0026982785574938863;-0.2132791500623032;0.3168808416494779;0.34072229209685695;0.0942654500125312
9;0.009785625988892644;0.32061487437122155;-0.04168159284389238;-0.06414156761735385;0.129632404969936;0.040561281895088924;-0.13426448022552542;-0.06405260180064608;-0.06287823640081154;0.014181953448169929;0.5080344718554347;-0.0982761391895666;-0.09530509255156161;-0.034036928281007635;0.45724571940126985;0.14538690955796885;-0.05628205382220351
10;0.01205158235690774;0.30851329979604214;-0.0803118723871025;0.0074660691341299395;0.16614244493673833;0.016321209034069084;-0.009669309242375681;-0.0012650087196554559;0.054185970406566086;-0.15586842241678914;0.4242306797326127;-0.033975352850064554;-0.04039192462259228;0.11052836869339389;0.3205067492231624;-0.12108945831757781;-0.17049501185950172
11;0.08925796606384515;0.24109615711440416;-0.08796470645793937;0.03877289298734864;0.12287697046533796;-0.06419095845489349;0.052240111027208734;0.1105595810933786;0.05550585768229341;-0.2001003787536337;0.21653021961788027;0.05378936733557812;0.10902938927129215;0.126739855764333;0.03618881161604296;-0.2771533668097209;-0.19101621949700096
12;0.16185907493601398;0.1399592028810217;-0.056777169432568365;0.07114724760798644;0.06604450605516443;-0.10984626596338351;0.076838677674707;0.2619717465708634;-0.03579040556958593;-0.17512217698856639;0.054000175371855176;0.11607360086991479;0.1744861738705155;0.046915271476126445;-0.18005333467338125;-0.27390122671687916;-0.15555015986354054
13;0.15833686914773792;0.05166214537119989;-0.0012927592331461186;0.1078282091109056;0.0383077452454966;-0.06154667727193183;0.08910455054901646;0.3525309361348783;-0.0986325824641601;-0.16944883117802187;-0.02892717989722139;0.11355274220783307;0.06914366513509637;-0.03158218400671692;-0.21517003296012768;-0.18384920968551652;-0.11742571576185365
14;0.0847066940549175;0.007495246390415279;0.028044709230084796;0.08549239433032395;0.009974980392860124;0.019803665917647695;0.05906189864725348;0.264479511037124;-0.05067154123040105;-0.19725218771247455;-0.0832103671125492;0.0649296653628351;-0.0803686835442804;-0.058476132247699916;-0.12575826320706024;-0.07044168177126721;-0.0654351883302426
15;-0.0008792724001166179;-0.00774606354727674;-0.020607919054623933;-0.044152950564223;-0.07149718272857744;0.012639994053897305;-0.055462885242957255;-0.014505023962335446;0.06291418418721775;-0.19183614746051297;-0.1104267531997829;0.03373631120659945;-0.06583838905572348;-0.061819465688432385;-0.05380977995044378;0.07811783085125944;0.05043143751266283
16;-0.057217170420420224;-0.038718645024052596;-0.1403946362566181;-0.22482367348328053;-0.19339036858778808;-0.11419044057121198;-0.2228084209089647;-0.34820754469725107;0.12392890355827146;-0.09786045183520792;-0.059523226271369654;0.06220160980847425;0.16052976251747636;-0.07951120104758717;-0.0979056509207618;0.26729829251169307;0.22198498355127078
17;-0.08191875334338654;-0.10687105223614293;-0.24790886537489226;-0.32285452169042006;-0.2623921280695817;-0.24081204989053895;-0.3315444746898266;-0.5455692210741637;0.0717701754095797;0.04924783602304505;0.04676889331764611;0.1261777591889126;0.41602622600348693;-0.09766464376303524;-0.24357900719116057;0.40055048918247377;0.34825217233751404
18;-0.07649390888530759;-0.17691451937633726;-0.2436926371914511;-0.25714651770221686;-0.19287167137851507;-0.21669153398221538;-0.2976688661599776;-0.5144181903116016;-0.03517368485270326;0.14987257624197378;0.07593732767412957;0.16081085609540507;0.4726886253695708;-0.07993538214712292;-0.37299190427117845;0.34373005241662363;0.3251069365460538
19;-0.026133365651950312;-0.182646721236441;-0.10308189304439015;-0.08672907821056279;-0.007000985880678271;-0.03614480991624737;-0.16833953709259722;-0.33505821434805977;-0.08576367179283838;0.14402079626076744;-0.05075632486239979;0.12523916292344672;0.2853177856371213;-0.03823767594818617;-0.3307498034169142;0.10860657846504368;0.16322415850859268
20;0.06595157016260535;-0.09276731287894432;0.09251094384498838;0.04832088241435311;0.16765830597994955;0.13762059602071838;-0.0866383108935459;-0.183078724580838;-0.02830368251857996;0.07623213147199977;-0.1947051091181137;0.03679470190923067;0.012781319339665689;-0.033743190430484744;-0.02848264151773894;-0.08670981981608433;-0.008292526415446254
21;0.14451557327397085;0.047912127702731906;0.21936519317506356;0.06892409785426808;0.21071440697620564;0.14067702467826756;-0.1366599946988126;-0.1693736287582043;0.08821083660554574;0.047509191334831564;-0.10258882981987974;-0.05051454243305172;-0.1633860252231835;-0.09322554581178236;0.4522337157838407;-0.01760987932537475;-0.0674650894301804
22;0.1397811160853848;0.148365854349917;0.21056947681344607;0.024330184409781956;0.12046534050232957;-0.01518748377930046;-0.24048806009043883;-0.24428314123323616;0.1701382572839292;0.10305240816924352;0.2797041637040178;-0.08714846157044291;-0.19686111770375847;-0.1510441945410182;0.8522579332735684;0.2745500449692818;-0.01798329702821956
23;0.050667936921417446;0.14988305465665838;0.09890794589968663;0.017990663453056065;0.0124865785260416;-0.15634370318371024;-0.23533866235448306;-0.25585377762652367;0.1613586729173461;0.1751519916755315;0.6544050919866189;-0.04902133255228399;-0.15387602331298908;-0.10777932397830134;0.890734903814579;0.46768347395419213;0.02831801787127011
24;-0.03343413483769828;0.07811320679165816;-0.025256666380554273;0.08831094866993451;0.008841263869785355;-0.13285172715889518;-0.05437291716544673;-0.10752520204491246;0.07684733683606006;0.1453951445621895;0.6221329335512733;0.05928831182226503;-0.09379454073577173;0.051824911507357005;0.5012840453128097;0.27160316591835587;-0.021272943142109205
25;-0.02182060175564259;0.014794121928692491;-0.08752574996436846;0.1810443830276764;0.12755166101615453;0.03513813299498316;0.1932245242685797;0.13733632745474594;-0.02130345232653528;-0.03183772937139002;0.10412897027600516;0.19831842071281772;-0.028796868057213636;0.22519379964145755;-0.06803337167259822;-0.250557904584408;-0.1475774311600174
26;0.06831127885382095;0.015279652419748322;-0.06728259936850756;0.22895971234466428;0.27266179383266836;0.20350095029652027;0.33776905202934776;0.3089449256164899;-0.0690183814100589;-0.26715097583062863;-0.5365122544333233;0.2923313384537913;0.01370174883088376;0.29191814871262844;-0.42960224124473156;-0.7156140235810992;-0.25321822430891977
27;0.11778355541733398;0.055753935376055684;0.012831667519136199;0.2283543377506823;0.32281553801392754;0.26810416322810005;0.32910045948116823;0.29268648651642715;-0.03795315548820979;-0.40101440792840115;-0.8321831657231025;0.262219301068945;-0.03684206834450765;0.23533006032428183;-0.3799341508297721;-0.7887865900004081;-0.26714145771002684
28;0.03715020347834012;0.06494293134170265;0.11164828594140437;0.22230098591615677;0.23124196131567462;0.2507525722048806;0.27489451402906234;0.13795899380644078;0.044357439674898844;-0.33985921802814817;-0.6464681346737462;0.08887322331372294;-0.209806361281647;0.14722291651422817;-0.06843158920625501;-0.4925855344514207;-0.19968662846953103
29;-0.11939036346453136;0.005473480346332528;0.18385539152116806;0.22837147505551758;0.055730160561460705;0.22889208869760766;0.2985032307766509;0.004168144140771232;0.10488047145209205;-0.13823750495954343;-0.24510253466310977;-0.14972040214501464;-0.40709545312230283;0.11814292142251541;0.1602784023671988;-0.1359334472974705;-0.1069901568672131
30;-0.19557030707410905;-0.08386880824037084;0.1926744603195279;0.21472139025431775;-0.09278681159731048;0.22325133996631064;0.3883838839287636;0.001036552747342473;0.07563533592022295;0.04913098969477762;0.031781018018287664;-0.31960384165959577;-0.46213208008801876;0.1465344247574091;0.09453326539636556;0.023615825572956817;-0.030548824335996184
31;-0.09644469113368369;-0.13030840087004394;0.13072161689034162;0.1531985599475514;-0.1338833846726579;0.18627185775521854;0.41457646266946996;0.09033587850211983;-0.043366754529939544;0.10088703856076496;0.09309677290312487;-0.3279723379623979;-0.3068440254599866;0.1634828319337771;-0.17268957915796398;-0.004611558720097768;0.01753998348695033
32;0.10215728964286482;-0.10513907301577206;0.03130590396498439;0.0688221602152439;-0.0727597335138248;0.08539076696475723;0.28501468906609473;0.1479706359386536;-0.17038133870183725;0.025441443228776724;0.07743002372416383;-0.1909981575611887;-0.049076393587167096;0.12428707839631697;-0.38055844507812864;-0.051363782542330746;0.033724234678404484
33;0.22043296314734462;-0.050990466689661035;-0.05252342082165069;0.01012890333059216;0.008069253298511624;-0.0434107211025548;0.053471007562563344;0.11001115915171139;-0.2069791561053159;-0.06389030909393792;0.09508743939098306;-0.01163175109772073;0.14254186891338502;0.050545799393043614;-0.3730627446997487;-0.02525230788813062;0.020111248540481807
34;0.14961793807170304;-0.0320874772765059;-0.08819165547720749;-0.0220712209539418;0.015180437567111954;-0.1385985732622098;-0.1400633665175464;0.037175798443257385;-0.12749241485799587;-0.06202188886024286;0.09128521077262837;0.10524320403558354;0.2093035117741971;-0.012154883040619348;-0.21846218765262773;0.02113899631632007;0.005836081779866731
35;-0.04661896841384105;-0.068244597212578;-0.08161855218650294;-0.08286754716807725;-0.07716092360578426;-0.18202657091350635;-0.2129428439884082;0.030013377832588787;0.00014358062668987315;0.03981246892671207;-0.024887192999136856;0.11865513591443644;0.2220557651352958;-0.04827441195289741;-0.08556660432807577;0.030648348171577505;0.04243427314994247
36;-0.20221367377100496;-0.12509873563553153;-0.05593902499401021;-0.20077113424004933;-0.20108397742325396;-0.19796820633302015;-0.19745405309986455;0.10034369676196055;0.08711178696762531;0.1689950730232963;-0.2036555929794812;0.05042072935562602;0.24202441700681782;-0.0703887769664658;-0.05291973753445493;0.05159121540983545;0.1505435173357857
37;-0.20764214291758673;-0.16067692399265968;-0.02317351922583224;-0.3056942011866094;-0.25423785231909957;-0.1966993938434725;-0.16475493240798977;0.15344061709918055;0.10938609420557378;0.2566404400766439;-0.28563134303143195;-0.057385574893521155;0.22203648716739427;-0.08438827671963889;-0.06314748790419153;0.15809853249319322;0.2747098609569955
38;-0.09552637151010272;-0.16428458767756782;0.012877659294434974;-0.27701175186880306;-0.19908202722384702;-0.15740065111990856;-0.13088663491124122;0.10302351831028937;0.11064493085849912;0.29296299188068864;-0.1956399891158002;-0.17168418153082884;0.08566062442496365;-0.08426554163839595;-0.035463809999726224;0.3074434388472738;0.31715189925077236
39;0.016870672132214402;-0.14497607816410052;0.032979755751231785;-0.08130613044619744;-0.10482471489579545;-0.08004265800213758;-0.06276277367852981;-0.017503407654786023;0.12693761765704922;0.3000246806912319;-0.03566959550821984;-0.2651581786495072;-0.12728916663355705;-0.07892867356731242;0.027423187850391384;0.3568965928676814;0.23285139302734795
40;0.04918443576980448;-0.09942936856340306;0.0036412967755247703;0.15482723458909198;-0.07812469392962443;-0.022642378392807007;0.04187568614199341;-0.08209056750629315;0.13274700324796287;0.2721667105301003;0.044140026706515595;-0.30608030580463663;-0.2601900798724917;-0.09513704222658395;0.06133692157183558;0.23943984671241783;0.08313607015373393
41;0.016731906000423593;-0.014580758441387506;-0.08475952342597062;0.23895431093655156;-0.1448212537539561;-0.04917665370654082;0.12093290411775232;-0.01088410396600011;0.07833040284183754;0.1712465101213943;0.02523426275487254;-0.2677881893519944;-0.20517740623012273;-0.13768500869113615;0.039726253285405876;0.06643385058296455;-0.02051879524700963
42;-0.015657614474572527;0.0942951875756803;-0.19084002784983847;0.09278289894146914;-0.21124948068566457;-0.1421035583017087;0.11067255103090455;0.1369018443206364;-0.030983416741826416;-0.01025471782214944;0.026407820774336597;-0.1512576257643428;-0.02747436831364733;-0.16493558231243505;0.012795359716211636;0.007317407043269217;-0.026818689622549574
43;-0.01623349883880447;0.1685353642441443;-0.25212362304194696;-0.16790171402556;-0.15959140773615418;-0.2011335900730179;0.02322851661300423;0.2223645047043455;-0.12035522380064279;-0.20020565494170553;0.14504012733554825;0.00624325842457772;0.11478122273928926;-0.1306979941327588;0.04074107741444241;0.08786749870431838;0.011287601380238075
44;-0.013517736927743645;0.151731019994132;-0.24507940694838992;-0.3393057909896062;0.017920180531977;-0.1484270933581249;-0.06110187972606035;0.17194794525596385;-0.1227962573636676;-0.2891892995571392;0.34080883096968817;0.1496230855383538;0.15282037354036082;-0.04824622160848325;0.11076376253728054;0.16128896555611702;0.0035190162522649483
45;-0.04845353301992001;0.053884733382553;-0.20003703342636395;-0.312362621863048;0.19694148745735945;-0.016112516459291636;-0.07721428169402071;0.047525083349679594;-0.057280104323235784;-0.2339204098736264;0.4868353603103518;0.2378723710242649;0.15573235017211004;0.01512761889238081;0.14266572019728244;0.08874714136571434;-0.08049067915996258
46;-0.11336830740957031;-0.043583777600967016;-0.14756039607630952;-0.14984274538130427;0.2449443672829486;0.09585112462502554;-0.03542387254110881;-0.0305031832909926;-0.010595785345340343;-0.10731929639602264;0.494486787280977;0.2643760841300379;0.19142773875445465;0.020147298529190866;0.07858295537765783;-0.09675790926422169;-0.18931453626838296
47;-0.14850072452388746;-0.058526240222787775;-0.06682663642016547;0.0015241759599766145;0.15739255291478865;0.13864275454656005;0.0015270916446842506;-0.015493133981241693;-0.04156537489082204;-0.028871131723764952;0.35969612465205236;0.2504848848266393;0.2029789026397304;0.008705090712654523;-0.04465777109320858;-0.2377150992142952;-0.2514662286513952
48;-0.10165288000971139;0.016577290684890715;0.08552105426674059;0.05252079183276844;0.05144232189227846;0.15603175690469942;-0.016247194013307775;0.022734817769044194;-0.11943992956133423;-0.04309529244986091;0.12206368226553102;0.21744991388889504;0.08443744672825337;0.04562657147901803;-0.1223169552641429;-0.23288601594847616;-0.23651257661867042
49;0.012295575471494562;0.11291436506426562;0.29118619760433045;0.02380723362682154;0.02407751817108681;0.19759214892514454;-0.09015670461782453;-0.016963742934236626;-0.16430152451762092;-0.07908696648633437;-0.16118218520610791;0.16088513194455162;-0.13823730814431712;0.11495583150735533;-0.08488199714038096;-0.12274600064836833;-0.15387576335217223
50;0.11728007619382683;0.15360355642602622;0.4426877189225241;-0.013355479230258243;0.042119783232789115;0.22874509548762142;-0.18160531986128423;-0.1532340662808645;-0.1345792109500874;-0.03784281865893871;-0.3957358768605826;0.05641177724743032;-0.2794904418495696;0.11575649508015755;0.023742026677577733;-0.0023499805716937516;-0.020487120367162347
51;0.14495352035616194;0.116035468820398;0.4302628843876278;-0.015400300487821117;-0.0033561906433541024;0.17101510136154988;-0.23247856963022706;-0.2986241513914436;-0.058654244814964125;0.08958312078961565;-0.46752488087449035;-0.09881132748998436;-0.19133755153391635;-0.01315630654923403;0.07553012119135222;0.08882499211926344;0.13939857627037663
52;0.09614084528720233;0.03185965371675744;0.25774803229209997;0.01543608952350662;-0.14264969804694494;0.02592035569730768;-0.1881660844432438;-0.34183257245208115;0.013553623641473021;0.20580333076504276;-0.3351018275437081;-0.24713225135349431;0.04879373107795439;-0.18830676612759314;-0.018816333525446437;0.1557497394004977;0.26624508502437505
53;0.030205564859180512;-0.05482717449499163;0.049417795571057084;0.057896195051121764;-0.26320003703750317;-0.09225876458235852;-0.0410523127513728;-0.24745905416839642;0.06567328334647252;0.21035566459495983;-0.09213023734393078;-0.28972086679781056;0.2091195234886669;-0.2471009714899657;-0.2008787844378885;0.1741475009657361;0.2763407857627247
54;-0.003947194509966841;-0.11446737520274704;-0.071692920828825;0.08606456121151561;-0.22322171534186577;-0.08100633087664656;0.1263290556475052;-0.08161448321879872;0.10970325884016416;0.10596455602037881;0.111970763750348;-0.172036627349998;0.16511983517664747;-0.13104073558056245;-0.2841910051154668;0.10420574834377085;0.13688817711831022
55;-0.015313946635264315;-0.12692074517017932;-0.0992396286134791;0.06398842699280186;-0.016780273973513494;0.017358574557433476;0.17025870094123083;0.04817348864735098;0.14363375096274852;-0.009084458943560842;0.22438519547604732;0.03843275005192122;0.03313354437222531;0.02948939754434156;-0.11328963743564363;-0.013155024759915831;-0.07125281961861465
56;-0.04191354362299298;-0.07632882776895256;-0.1207457951736343;-0.037346333229512495;0.2047127989352252;0.05502380237714352;0.010198978553447147;0.07715398622340595;0.14215026453560556;-0.04889703481392336;0.32072767782867123;0.1780890128348851;0.00757372277444145;0.04799096096564809;0.26912450670524074;-0.04582798585090116;-0.19780653837598144
57;-0.08402265427341216;0.0313114157526904;-0.18889305739260775;-0.19250935256271867;0.28495404821440246;-0.04142642537479208;-0.25847343095843855;0.02253152828135018;0.09545146595765718;-0.02505445372860453;0.45961226696881313;0.12295181203441657;0.10618011332699223;-0.10751738981816204;0.6186966527767792;0.08070364613064349;-0.1567004951888575
58;-0.08876378843475312;0.15257166064160216;-0.24646883263069103;-0.304385506608091;0.21573513521536744;-0.173319156805061;-0.41195480216182107;-0.045790322093407;0.036382001510568106;-0.01833142462200895;0.5483964638602012;-0.08516669563261788;0.1483876903708879;-0.27135152084185;0.685679660501228;0.24901845836926956;-0.01410918406915681
59;-0.014619852051168798;0.22807702394899407;-0.19667474337980156;-0.26940337362426653;0.11887781651207471;-0.18741410582663717;-0.3030613190972897;-0.07227821107318204;0.00879634398364998;-0.07675916539325167;0.42309658135334405;-0.2585365112571059;-0.0018054066749378225;-0.2607826501351498;0.44061710099508183;0.24240343201180362;0.07410743758250965
60;0.1009060166452024;0.22914486979962007;-0.031131162878338444;-0.07905952286635669;0.0904504581378317;-0.06958053973177128;-0.021930866439640026;-0.06217282155375261;0.013695567700110989;-0.15720054747917753;0.07259556263280627;-0.22974750168907315;-0.23698528028346108;-0.0734152257163314;0.10121684596536569;0.0015072585324825037;0.019852273717142096
61;0.1638951054750282;0.17810921991765855;0.1411658156594775;0.15426295548291918;0.10001718346843713;0.03174400642225118;0.18144220918241216;-0.06410483325224646;0.006971077610860116;-0.17205626341246053;-0.27957638283682096;-0.007182452062127631;-0.31172876234034247;0.1241790209220931;-0.0808771077862589;-0.2663953502172019;-0.11125860522451034
62;0.12461468591009577;0.11778198764459298;0.19767383603414446;0.29124095582300275;0.05998746377197148;-0.009128449056939637;0.1545583065579434;-0.1015073332325097;-0.04258057624120821;-0.08603431861649263;-0.3757479292371676;0.23818787388502197;-0.13167710074673963;0.19262652480174045;-0.05866208503137621;-0.2986870193883718;-0.1781835489421746
63;0.03929094086742613;0.06740448742231162;0.11537052107959707;0.2873298580389602;-0.034927288283615625;-0.13058256388903383;0.0014970241307431398;-0.12288406611783474;-0.10901650982747454;0.040287463832711985;-0.19408813722856835;0.341042828224409;0.1286664864456464;0.16286441849116254;-0.0014112735889880495;-0.08654519452723755;-0.11924506377693923
64;0.01025178087710073;0.01734067716607836;-0.029204454673107574;0.21209577167610008;-0.08337492960510126;-0.15266335887589455;-0.04333731631292065;-0.0380256535474892;-0.13930440403499963;0.10150589819804116;0.03316879530902318;0.28927397415461;0.2262888628061342;0.16566927632288478;-0.0735919971842832;0.09549309721008252;-0.012773756512754477
65;0.06658216040636147;-0.03796599812812514;-0.15009334718949346;0.15262009761531883;-0.004382654627175948;-0.0011930810596476572;0.11010854270915832;0.17639450503629026;-0.12104390591815944;0.0395278365450816;0.07990140773632462;0.20292395342830888;0.12480673855263455;0.25153738531868325;-0.2384864798638963;-6.083277922531127e-05;0.01856650039401103
66;0.12807721143804793;-0.07904009126596319;-0.21266048607742788;0.12212950937118908;0.1441013506609432;0.19174681468975235;0.3022052588534501;0.40966810560004374;-0.09779182998692343;-0.1081535340268348;-0.045665320716276915;0.18338122009529031;0.013734944372913784;0.32914017846626487;-0.31385465979608007;-0.3020426369557471;-0.05263549357958207
67;0.10198755942784554;-0.08286550894127424;-0.21101839918565662;0.08039022087490708;0.2119502713936786;0.24071078558979034;0.31418024783369003;0.4838554904441183;-0.10709358331715613;-0.2401429588511192;-0.1665253492000612;0.2071318824653371;0.05864100496983517;0.29105878401105256;-0.20736448165401114;-0.49969353551335166;-0.13085714822047304
68;-0.0006935883440223888;-0.05608697136842204;-0.13061811772543383;0.02470663915476073;0.12402349634199855;0.12682118321250477;0.13151248401253793;0.3174925944411231;-0.11965162213335545;-0.26916097755570656;-0.1858421241298576;0.17439719614044533;0.19272356358804313;0.16034044134565806;-0.04267852013199474;-0.40093468099102875;-0.10700975376776341
69;-0.07308878310548067;-0.03153863198886373;0.028446835115089383;0.01769920156421799;-0.02977550566830823;0.013288820776937339;-0.03353958016954089;0.026142972250346168;-0.06429029648349617;-0.18271941615705775;-0.19079944639632626;0.04219750810752922;0.19814717865961434;0.07144765753623322;-0.018688334297476197;-0.14110955297914046;0.02124643988176082
70;-0.039549307740929435;-0.030403239026820444;0.20243156776218277;0.10382792248934307;-0.09305986792986988;0.039851297747605534;0.01031037469155299;-0.1629424756949651;0.08168024058842616;-0.04404321953321962;-0.2934857588944185;-0.11640728627792807;-0.030143429535584482;0.10937012003675675;-0.17081246951761103;-0.0013284716260937163;0.14851940579728234
71;0.05200746256014889;-0.04105265277297026;0.28576096439497917;0.22418826939139755;-0.018723654179518438;0.153889276433265;0.20882247267151102;-0.11916140864504615;0.24395871853017811;0.06246178544024677;-0.44457322276012745;-0.1891367340800331;-0.35415186516189634;0.20503390420232734;-0.32625854688405675;-0.07282645640650315;0.1731283162277508
72;0.08798431125906647;-0.04348459927754464;0.23202812580972756;0.2587770044073178;0.08089038706039686;0.18586863188526478;0.32756522296610535;0.06535533145642686;0.3096449286874863;0.09677515301263027;-0.4842996154184758;-0.1431430301234047;-0.5376126483418472;0.21349044240453763;-0.3096607683170513;-0.17659350128846305;0.09562257221539086
73;0.027966241552147393;-0.04428441779797025;0.11781811908366371;0.16622427837457388;0.06393620188580172;0.06856312247817857;0.22845676418963964;0.16761280477605678;0.2343207357934626;0.08677755920637323;-0.3658720142621521;-0.054077872087285934;-0.4843306710001041;0.08023816092512817;-0.14882684027995158;-0.11347530615233202;0.005079082467745903
74;-0.04730597508918415;-0.07052866877074496;0.07221827656094368;0.04932074733650959;-0.08438209917321259;-0.07733832930704741;0.029225932906326902;0.055591603804485905;0.08292040277726133;0.09007037379955463;-0.2422549543533149;-0.023719958998918426;-0.3039184349914755;-0.09935879538372237;-0.031583922997829104;0.08703901950617349;-0.018395891223471496
75;-0.039853686309931836;-0.12807110413228665;0.1352105292793265;0.04467433612499562;-0.24437599552277847;-0.09570882934212921;-0.03986183516586107;-0.18672338179840994;-0.03529661519955499;0.13018274126991022;-0.2796501170561263;-0.08261123308125817;-0.16150791270766796;-0.19040066087664695;-0.0724414935287176;0.2239060154821979;0.025334209607594697
76;0.0381469251178768;-0.18311718186831227;0.20960571706115635;0.1509286732855733;-0.2989291618831365;0.00936853290651819;0.09138745146113399;-0.35522969637651525;-0.06275009892109205;0.17133030400804677;-0.42761519486929905;-0.17379948270338627;-0.1062382772569225;-0.16423500020566847;-0.17915948786290592;0.18942793650875991;0.07754696757034223
77;0.07319889323332512;-0.1987690525313507;0.1717952002537836;0.20687116334604638;-0.24898175881405052;0.07966425912919349;0.25132554358276665;-0.3320325966641375;-0.023444067293023656;0.16004274371630672;-0.451032390338332;-0.21702024091426156;-0.05997144666834789;-0.11426133191754485;-0.17838152479824987;0.09201531967885306;0.0934972998156295
78;-0.012846460085634628;-0.18206550478775915;0.016927154491578472;0.06871484716676993;-0.18391248293373738;0.0005116313623895227;0.22487813880017804;-0.1830117168555323;0.026161841562173483;0.09025430251225464;-0.20380501428391423;-0.17908482892470087;0.057547608542472754;-0.13428172446384684;-0.03481920718256427;0.09316550754853786;0.08113432708712957
79;-0.16553177070985164;-0.17571291812320797;-0.13163248166936778;-0.207585659012581;-0.16253536092004903;-0.15566636819495172;-0.0033258512277900337;-0.059174743043837325;0.05585342888279487;0.018253454786748044;0.18689240662448126;-0.09188958895624895;0.22692083317466505;-0.20648201296870294;0.11173994132599717;0.18984325558534995;0.0737512761182984
80;-0.25889438399130815;-0.19816887540597558;-0.1588344710738381;-0.40072308002385115;-0.1547539432188854;-0.21346611598462079;-0.2361146452617406;-0.030348637570947475;0.06985820513739295;0.006750804716781631;0.45276916115273513;-0.019989159485122948;0.3489735095557066;-0.2258229988924767;0.13032925031600012;0.22903449414671165;0.08296520081489508
81;-0.2392259876909451;-0.2086669670068478;-0.07918506967879307;-0.35571359592526103;-0.10195075242846689;-0.09998684454712367;-0.2823879690570038;-0.037219284391374785;0.07640486418387868;0.05944126874208896;0.47198400807060453;-0.012626575487486427;0.3416388968553583;-0.12900447268877638;0.0636231487553743;0.12434569311985454;0.09071281187218913
82;-0.17686959016130016;-0.1498720393981484;-0.006470040941944201;-0.15773389970506155;-0.004887800818875368;0.0734564056153132;-0.15325321014311868;0.00468270754673047;0.06976563129768029;0.12189087408697406;0.36987187315330283;-0.06884319078444298;0.2125544978871275;0.018338964173425495;0.0648941572450186;-0.017705733578062238;0.0816990639570595
83;-0.16800870340571225;-0.02265804350695989;-0.020660998112946735;-0.04642045735291841;0.07413610667552899;0.1391383405264655;-0.028946484198766182;0.0896350297460427;0.04423369849922476;0.1477041339594214;0.33439870976394387;-0.13276428689014488;0.05644140799000459;0.0744601645256465;0.19285113156163927;-0.02639903466357287;0.06720371570228593
84;-0.2118711559612586;0.10069893297947838;-0.09474642905893449;-0.16020773456418483;0.08965846772272823;0.049402468700360185;-0.05686959081557649;0.13274432822304294;0.010891701680157195;0.14884446108479107;0.3954135006762614;-0.12961113673976013;-0.008653126243247652;-0.037312854168566806;0.32985053451361235;0.1197517387363939;0.06697154718482494
85;-0.21308953774992814;0.14912492269874233;-0.1549262973535018;-0.3935998872943473;0.06646750211851941;-0.09591418766091811;-0.21106677470785618;0.08357822159809594;-0.01280038056272549;0.16575943930507925;0.4335522594083195;-0.02939860946243333;0.07443023090215661;-0.243606372955247;0.3287012089409588;0.26770527670734606;0.07352004509324639
86;-0.10149973256986893;0.1294495077853325;-0.17959581467371527;-0.5203322109175215;0.06243822010779958;-0.1763167500414839;-0.34626370565764325;-0.0022888723417014657;-0.029231385915114767;0.19303024364186913;0.3744448663260466;0.11178960714652371;0.24823498925701876;-0.3817625296834318;0.20178313565174266;0.2765322800018003;0.04911081034105557
87;0.07813424025069589;0.115651698888579;-0.20839731921175406;-0.4350154342814431;0.09387725601520225;-0.16715215781751813;-0.3591005333431411;-0.021443579068725255;-0.06597249438773409;0.15941850273320815;0.29799724255321214;0.18427838129312232;0.36902566122614233;-0.350524214635978;0.11317796161317638;0.17490792908096958;-0.03273373178599181
88;0.20979019192913492;0.16155511855939825;-0.2627226114798231;-0.2434687816181564;0.11986303266526534;-0.12616022790245443;-0.2774656385106556;0.058662279184814266;-0.14622492267213588;0.003324420412179362;0.32653679564004046;0.11917262367261676;0.32052904729985093;-0.20243983867289703;0.18173028370124866;0.102801607024387;-0.14596511411818575
89;0.22483487091941487;0.23910216296438364;-0.29563370129365646;-0.11933753128703739;0.10126087066540923;-0.10163052249123816;-0.2056377724035852;0.1585107019740234;-0.2522598198289194;-0.23351532633325914;0.4517894934643651;-0.040368999618326386;0.12581389972445975;-0.08311215806072299;0.33572644169483384;0.1319668635749541;-0.22197124449148395
90;0.15889717175914217;0.2733427688638163;-0.2440863085770584;-0.11029515712641778;0.054625310716275764;-0.08803704980819062;-0.2078012792497189;0.16865191123167347;-0.3225258019182219;-0.4086161360368877;0.5313993525573188;-0.1688543861272465;-0.06188956475387972;-0.07515438946069658;0.3918783400471098;0.1963703192442603;-0.20737091059352047
91;0.09701574169467472;0.23053046463004875;-0.11682973067986102;-0.11292792811797209;0.0318444607986285;-0.064132793302156;-0.25126791165551726;0.06308135529857391;-0.293998886593947;-0.3950013713624526;0.45714283858341276;-0.16908088207682015;-0.10431036718498575;-0.10756946010793783;0.2581281589677285;0.198946111430656;-0.11239782164134215
92;0.08644855632654148;0.15591320684415882;-0.0015611942227987535;-0.02009113677644232;0.053823645964064006;-0.03689381935221403;-0.24739939240810774;-0.07554065592236725;-0.1589343047329025;-0.20089583656374624;0.27890763204385394;-0.055707786124151636;-0.020055574928407795;-0.03215219196628413;0.022353849238294633;0.13405261442060654;-0.0009761070671241267
93;0.11317888018724534;0.12118202566559863;0.02462096053662326;0.1507186413348701;0.0839704444203373;-0.026234082293473616;-0.1353218713972031;-0.1365373591230419;0.013650562250421418;0.030267809667216046;0.13438574444670395;0.07128815821430516;0.034313759088885086;0.20510251142194227;-0.15838029323559763;0.06943089179679683;0.06492789132182325
94;0.1443937871677426;0.14708405911947434;-0.021416455582341908;0.291326990104615;0.07461601346410379;-0.02233750299817161;0.0662189027037236;-0.07840130483617619;0.11963552122322313;0.14260127342075346;0.08124698485056744;0.13048470512899074;-0.06629131060584637;0.4798101166499471;-0.2178524281464818;0.03448601672761979;0.06868301369619152
95;0.16718941272049065;0.1889425081653709;-0.04524587970338604;0.334612019893749;0.027237281576955458;0.013399622262382263;0.2720644490732158;0.047749335786756865;0.10121330434465227;0.09352927841526984;0.03810920955103461;0.1287258987239645;-0.279264345356892;0.5927632077766442;-0.20829813638402414;-0.021471539991852667;0.03210237441415983
96;0.18269408230752185;0.1931321239835118;0.03195126153946946;0.3151225269222873;-0.008524246949992202;0.09852722150878161;0.391722231280156;0.15246920881824977;0.001196050900895077;-0.03269701131563792;-0.10640170525356696;0.13003804642518724;-0.442368220868864;0.4619966173597997;-0.19772526567996532;-0.1493578017547213;-0.021034683104956303
97;0.18349962610563914;0.15230192458783176;0.20410762273268343;0.3003334632493244;0.004737554768751041;0.19672307037985168;0.3918285210580672;0.1756929234789193;-0.06743678010947142;-0.1203330830576508;-0.3570426179238044;0.17004076851364797;-0.44616801004023277;0.20197460978253642;-0.18913035218095087;-0.31641936217025307;-0.08260783807555548
98;0.15389930657328404;0.09823894029075791;0.3935098673206332;0.2997075307082139;0.045998193525264484;0.24714203296850082;0.3133618914799864;0.11428196954418998;-0.022779223110773336;-0.12200184986147501;-0.6010521663869066;0.21444654167862398;-0.33137456700334483;0.005810406202568778;-0.15435949416240066;-0.43287106013543386;-0.14325422125802922
99;0.0871722894844517;0.050607651423293536;0.5137816884196083;0.2694627727629862;0.0583010680503384;0.22193500262938765;0.22987931016986327;0.00894413055355741;0.1047734226988793;-0.07426334996268634;-0.7172667894585576;0.20092262719431375;-0.2112771496203125;-0.04013799885092408;-0.11107249590233592;-0.449182163202674;-0.17429320512946236
100;-0.009843853303552433;-0.01112881504600458;0.5189661932224282;0.19162121964911333;0.012444477947951275;0.14725767889361832;0.1838517023612913;-0.08248124132057139;0.19830556410816963;-0.03745741647980097;-0.677930601323643;0.1101684841301936;-0.131745753604936;-0.01067910592811465;-0.1233472437847591;-0.397515084790025;-0.14437878954091046
101;-0.1254949021883263;-0.11875352453487055;0.415467607699107;0.10987028176357148;-0.060510137172328414;0.0731729867168318;0.16124104080095814;-0.11078702983362473;0.17200655594664274;-0.03587692668020921;-0.5528821939636479;-0.010545494950242549;-0.04326688345361372;-0.02105172378126224;-0.22155206743477046;-0.3382207066232325;-0.059077267846928204
102;-0.23977148530231926;-0.26454067597314795;0.25103780069080645;0.07306734680704946;-0.10013486237494575;0.03440635709447609;0.12633019483202299;-0.05965063151597799;0.061696613698204256;-0.05228121054618085;-0.4379319505961352;-0.0879628371487995;0.09673389528089528;-0.08442019047032037;-0.34898581883207835;-0.29648748844807143;0.026073699518893375
103;-0.30891198510230566;-0.3884475037182227;0.09003785584270292;0.06836102118285947;-0.07262391691666924;0.03805409593310486;0.07279830758314132;0.040803962986098063;-0.013755407807750522;-0.06286870887733231;-0.38144965296862515;-0.0800720052380598;0.23961895268687267;-0.11164701201200826;-0.4074276882885889;-0.265464540088856;0.04570978191428685
104;-0.27645388644972396;-0.4212551035254804;-0.024369415380222862;0.04099832017231203;0.005484912837103476;0.07098532495541904;0.02989149994341119;0.12920632794231846;0.0156205396510674;-0.06428581916632209;-0.35698923692070833;-9.815630309283666e-05;0.29332341588683797;-0.037052133046924667;-0.3494319016153853;-0.24337688991899864;-0.01566620662737465
105;-0.12704969116630635;-0.3436731065690731;-0.09855620485009399;-0.02140070784122775;0.0890903486031995;0.10614913552419439;0.02006849640224522;0.15572397244487807;0.09226122372849833;-0.06775774070037245;-0.29193080483428396;0.09953368516618419;0.23585964543905344;0.09367996164138444;-0.21504167576019748;-0.2320500991606195;-0.10541713362057475
106;0.06881942327714606;-0.2059431598668238;-0.17022830102999664;-0.05478292126265738;0.13850124581235695;0.11111482579544679;0.02756680970254111;0.1187016363317784;0.09989835776292852;-0.07635986554164598;-0.13842750663064435;0.1593629598550243;0.1424613492498212;0.17710811134437912;-0.08469176304473461;-0.20406600463831467;-0.146883928337821
107;0.18850772679539243;-0.08948459920708458;-0.24894441748083465;0.009661829818725614;0.1340708684064178;0.07072222356383638;0.022736992900448012;0.05911351695968604;0.0045991117534128255;-0.07410795376987633;0.06075993398972533;0.14129253414304688;0.09157788007727992;0.16928748088959225;-0.010223127236619287;-0.11133133163783347;-0.10284231027123603
108;0.1589272208034864;-0.04379761375995671;-0.283682233392987;0.14876877783983844;0.07392912551627621;0.0066997152836403475;0.009325786657355896;0.0169289223873413;-0.09821929629512308;-0.036932211360829914;0.18366800378513556;0.04634183584731427;0.07498752926821592;0.11718370317639729;0.013103645859522306;0.05182276349446923;0.0021352613764960395
109;0.025812187762714846;-0.05293120085761433;-0.21513759050536782;0.24485921057807192;-0.026648712219501203;-0.039982043702711814;0.023819641852949977;-0.006086245853311363;-0.09242172393815568;0.046370729091751245;0.13986761423632182;-0.08498623114057484;0.02866949746104141;0.07523118810656602;0.03181343230367845;0.21736110110557483;0.11500690960389434
110;-0.09043126182523772;-0.05946990062266913;-0.0699128020646325;0.1884717513430537;-0.13280478546980493;-0.059266382995760786;0.0758423259243464;-0.03983905752707269;0.018913141399287153;0.1605822084698801;-0.012272623801065191;-0.19621176559277512;-0.06094546034196274;0.026820387793557342;0.10467391325668758;0.30892176970385626;0.20196526644293558
111;-0.11125692444397169;-0.022286652224476823;0.02148045902098753;-0.022396611719118012;-0.20043911070242332;-0.09611301591482264;0.10516801697370792;-0.1066454492459948;0.11104576004875362;0.26713873177462394;-0.08232151681178163;-0.251181434632656;-0.12025280693218861;-0.08379438366921446;0.26623900235230297;0.33475529452776254;0.2624467810179009
112;-0.06475609504712052;0.04715651975428253;-0.06316669251252892;-0.28400752693306974;-0.2027870924796014;-0.20334220711206055;0.026793300130747027;-0.19413771987383882;0.08185321993459391;0.3222016201362421;0.07966044291783018;-0.25323112193805136;-0.07407030215145001;-0.25463645560321313;0.4848428122736054;0.37911341855066816;0.30418648672801996
113;-0.03372577180690702;0.10404738133270101;-0.2947826861731457;-0.47050655595454977;-0.15049896863309933;-0.36222412005503923;-0.16840947141207233;-0.26698580714415465;-0.02592784931590259;0.2997231346241815;0.41555389113559554;-0.22822956860272287;0.05401991849229825;-0.3961192604452964;0.6499390664684769;0.4823910457300883;0.3150928975354444
114;-0.055259579951499084;0.12174733298805425;-0.4814257731262464;-0.506723936452003;-0.08141713801954728;-0.4654780366354463;-0.37083263698945845;-0.2985175929482076;-0.07263387834014941;0.20592470560193019;0.6833249953321487;-0.19003235442148633;0.15443845931042943;-0.4126075110998607;0.6330137177197789;0.5567259159529857;0.2657219831339754
115;-0.08832910524525377;0.11753570935917902;-0.4270604049186891;-0.38172424573771035;-0.02757287796738662;-0.4023959351504972;-0.43153944270144384;-0.28579768542834716;0.013172893257003075;0.07620948267912607;0.6669925456914992;-0.12771436094275596;0.14377181220345406;-0.29808565079245847;0.398962424970156;0.4616491630821957;0.1405137937806706
116;-0.07612177563118225;0.12414627534502241;-0.1142707206793881;-0.13546838655027418;0.006488561198916994;-0.17043511303466768;-0.29616415364210463;-0.23934671354396983;0.14723305894272926;-0.042708591036594815;0.3632848335195073;-0.028918713398568024;0.04377383912648099;-0.13554826326442754;0.06480342002327491;0.170751580051275;-0.033304560917824105
117;-0.017613677118651985;0.14335494628107764;0.2720548753824017;0.14382515860548287;0.03283935575302977;0.10411210881808676;-0.060159331509282744;-0.1713798880210642;0.1843762053791968;-0.11330736394439832;-0.03701744008170474;0.09008651049191185;-0.05615582439934414;-0.012578162291837744;-0.17405112923237415;-0.1648051925248274;-0.18816598963129316
118;0.03698240316560261;0.14109871919735686;0.5022605616189058;0.3332408617126056;0.054296173120753764;0.2655475511100014;0.11051786413048047;-0.10074777962913845;0.08405013644042252;-0.11984988977018715;-0.32756597772036394;0.18621733689970257;-0.09389891309552999;0.042054310797349045;-0.19904348203298777;-0.34019317211452343;-0.2530471641766849
119;0.05102386621607416;0.0924369726984894;0.48190565783386985;0.3374789199975469;0.058381686982476894;0.25392684558640854;0.1157587126239854;-0.05915816263834189;-0.04746840723941408;-0.07122838608208554;-0.42386901322320586;0.22412373389161844;-0.07501725637139704;0.045021237067678986;-0.0583104028889128;-0.2768809973496689;-0.20068914166116225
120;0.040866200415398055;0.019030061231291383;0.2905626078872713;0.16975820191110016;0.039315381004051034;0.13876312920917805;-0.009590905699516532;-0.07248713056850571;-0.08374585060995314;0.003317642893647711;-0.34919374276754295;0.2053432579931437;-0.034396899626818106;0.018543807985084506;0.09531406109998912;-0.06978506652578605;-0.07026731465632034
121;0.046411391407526426;-0.03261739744800287;0.0766072565886875;-0.03814808319586351;0.017707758430556605;0.04161004464842953;-0.14156932909975367;-0.1250091889206108;-0.020766608907974087;0.06529686763824037;-0.15495802157535324;0.16049306049191628;0.007823522143743235;-0.012063071122360323;0.14687256444954472;0.12494880871938517;0.05592792908487757
122;0.07813435313520278;-0.047488874579861715;-0.06008217872305038;-0.13542867644960638;0.026356469124662833;0.033423522156497576;-0.17040765673974126;-0.15124206078722247;0.02952072668537308;0.08435143460322674;0.09485734377042784;0.11571149503877756;0.04019482539942565;-0.0020709415301122134;0.09551970645122528;0.21674614496905062;0.10965376836283612
123;0.1073684041565373;-0.05777137114766146;-0.09517890544134934;-0.07933396171625108;0.07181667063164018;0.09828395844815092;-0.07309871514478986;-0.08349465095713567;-0.021753073649664303;0.05377278158308977;0.2888142614154346;0.07158654830040909;0.0362645057051052;0.08690824858184389;0.006337343158249969;0.1993763114833774;0.08401357116747221
124;0.10452504350317844;-0.0909646431975225;-0.041695466717451786;0.036456098665242055;0.11675474450592761;0.17361885812325872;0.085141910895659;0.08050593634976283;-0.13715304363335673;-0.008606263971220716;0.3009130892653605;0.014432912130286881;-0.028706019361310727;0.22807007701392884;-0.08021708727958049;0.09564782937894514;0.029253817792600657
125;0.07288746027580492;-0.11605188854883074;0.06973095674271775;0.0801262583215557;0.11127506832605838;0.20801497930519988;0.20304246722628067;0.2628314372221272;-0.20062814511749838;-0.07659215477739946;0.11281892223001941;-0.05816343780231963;-0.13246974225414296;0.3240197865512126;-0.17241716292015669;-0.06580093242257742;-0.00040262307518087976
126;0.04121393156341738;-0.06750067634591102;0.17276981097827823;0.0013652601197151816;0.04611112230548682;0.18454577126473845;0.2095209400801772;0.371469255737175;-0.14970993591290904;-0.1338180389298635;-0.118288223021769;-0.12798612775871596;-0.2014391531378686;0.29484915122990624;-0.27776972643180786;-0.22442512051209063;0.002601236037335533
127;0.03251094939833618;0.068680995392873;0.17003438813716035;-0.14603579078461848;-0.030442839408917663;0.1098403512437275;0.10794280150991271;0.38675974330546287;-0.03727282264404137;-0.17619138320486694;-0.17330453286437947;-0.170639678874809;-0.17232139435406757;0.171162394425761;-0.3634969413752887;-0.2929593941290453;0.0022860058689072294
128;0.04537133850069169;0.21223677923844916;0.000637006598996442;-0.2793707071916475;-0.05615627486631085;-9.997637815721644e-05;-0.027438840496525303;0.3755276673070893;0.03534066883062465;-0.19980374785951607;0.018759114121368027;-0.17495634126896215;-0.05522069312797121;0.07048352659986479;-0.3824219318804201;-0.23027655010686837;-0.029815445944864308
129;0.057361919481513104;0.2554632636481444;-0.2826171127888783;-0.3579300474380453;-0.01721022700958139;-0.11983227621838159;-0.1050331081868472;0.41179009777891035;0.022825816031117274;-0.19394581894973936;0.30127971624482386;-0.14790057029438025;0.07666985635033334;0.06704354426016056;-0.32554687448834063;-0.09925593067419433;-0.07598640666631998
130;0.03803303661566416;0.17307696875420342;-0.5195811814858852;-0.3776812820868438;0.037186641046289735;-0.2101363908161345;-0.08294303881892653;0.4866513394430085;-0.037467279819001414;-0.1518384699123975;0.43955159728901716;-0.10518755153057248;0.15799232027724952;0.10570469330667899;-0.23122268281954653;-0.017215674331784094;-0.09298081737676486
131;-0.03207788577275723;0.04687848857860484;-0.5516157893790017;-0.3276148025274984;0.04569852391910837;-0.22741868962791625;0.006191351720031693;0.5082860293527447;-0.08457673177321047;-0.08608547636337571;0.3400644063524266;-0.06116080659237715;0.17846830604616137;0.07070991221758431;-0.1441762306242468;-0.03806497352589795;-0.06800287293737249
132;-0.13459652500867514;-0.026907776907435725;-0.34419291760465226;-0.18796151818955795;-0.002303725315041775;-0.15031054721511206;0.09375290814560537;0.3974712685683958;-0.09351404150898103;-0.025186431723971243;0.10765255263748516;-0.02604280442755068;0.15949598927095401;-0.06756740447978485;-0.08086963984901528;-0.10297435565970828;-0.0402876602767059
133;-0.2009117509420575;-0.037572222104712456;-0.014367356938455646;0.023131495719993195;-0.0597925203936265;-0.0065268962545244995;0.136061290067455;0.17709885666940822;-0.07543144379464232;0.011265945458555247;-0.0931023410041784;-0.00666989766125455;0.10651777495493907;-0.20731463304663533;-0.03742992340582646;-0.11842066734328052;-0.05723928244857328
134;-0.1512616083985725;-0.04835418208109485;0.2581625481680445;0.22928070173774076;-0.0775183818278309;0.12676080099516918;0.1366879686399377;-0.042751539604697575;-0.04450615563223277;0.03250710864586118;-0.18824247623058168;-0.004338079378461851;0.008314957602191222;-0.23131389031009128;-0.011301105093820624;-0.06200221697733603;-0.1150876013411522
135;0.02253588403268994;-0.09572564823225875;0.35631306909794586;0.349870669441808;-0.058786318563887295;0.16386091584312404;0.11824383935084617;-0.16894207864767918;-0.005948879504376864;0.06675551804481414;-0.1975858894551916;-0.010791708758381964;-0.11845851250190745;-0.14539075047341576;0.005020796630222762;0.012989316597857653;-0.15795450512445436
136;0.20973562073867263;-0.13544821887264213;0.2878341789140265;0.3738404244089794;-0.05164457544523109;0.07371439396319943;0.08994978218888747;-0.20581419056621983;0.030338247527705236;0.12931033205552858;-0.1408006309750282;-0.009231886232164048;-0.20959047887009677;-0.07095238680154743;0.04456483732734982;0.0646428129819454;-0.1410793523551015
137;0.2455299762007682;-0.10858559549808787;0.15078306277564638;0.3598137432157204;-0.0880734997214819;-0.08562184563879495;0.05140536100902698;-0.22836149421458465;0.04755825651871994;0.2019244037880656;-0.0057337259618719764;0.015867348691641973;-0.19948393403634895;-0.10147942005870506;0.15010271224080135;0.11262424839518018;-0.08322472334963105
138;0.05687210594434748;-0.03852719416058702;0.04690750738886606;0.35449398860690473;-0.1405599912707004;-0.2024261815786849;0.014493349277012542;-0.2860456428664373;0.042763196902921394;0.2449463273158287;0.18129359441839035;0.06510211615817074;-0.08676243179649683;-0.1964422396082309;0.31613169870016794;0.1837857977292483;-0.04166557047559002
139;-0.24816051834561695;-0.02066736189208783;0.014978093604607895;0.3273525019260844;-0.146902315973437;-0.19833722727870004;-0.0019584275780758806;-0.3497553983301356;0.036929347635594585;0.22932592854043057;0.3084194027574072;0.11776620568935493;0.05740149567404224;-0.23497012520633004;0.4553143096888749;0.23947057887644285;-0.03679517582128124
140;-0.4526768506674578;-0.1029447384910362;0.02600015875872361;0.2078674912334051;-0.07672744390102405;-0.09141873988695182;-0.005376453095870541;-0.3578525600169964;0.050965724270262344;0.1584032697754996;0.2566895691767607;0.1413032362530729;0.14959621655595037;-0.15715673259649465;0.45180147093612016;0.2024292340919423;-0.020082554261685967
141;-0.4110129715999776;-0.20727709504327574;0.029502519934393175;-0.012011116564806351;0.033316067582693246;0.026423279267447863;-0.03777644655325056;-0.29902157534455176;0.07724731642426498;0.06428245231414555;0.028882746823947404;0.11358177611097635;0.15785765685060352;-0.02583490598447751;0.2698862306193002;0.062233635769219336;0.06741498820544051
142;-0.16619162518902064;-0.20611595964595547;0.004342102932816427;-0.2332716387562457;0.11262970665377225;0.07588148639772756;-0.12828266729731927;-0.22925542581282557;0.09004624033905594;-0.012895025716475335;-0.2325070757451571;0.04227958472844101;0.10812025030952371;0.049891555178280686;0.009302512332924784;-0.08256510979316609;0.2090260462340575
143;0.10351497876720922;-0.07606618760896858;-0.02870564880864532;-0.3254322372787586;0.12017477403896298;0.053032622854542924;-0.23800099358285376;-0.20293867296763285;0.08466683265377753;-0.047627083981477664;-0.373116073929397;-0.035652266346344955;0.04348216370271169;0.027012937400407416;-0.16294630825823697;-0.11825750977685476;0.30408125117257373
144;0.24258225487784715;0.05909599155721004;-0.036618567350401296;-0.24611113059311532;0.07266504935928028;0.010510540355592731;-0.27479817581189686;-0.20312597860778867;0.08817384245204526;-0.044300617511578086;-0.36031480727835474;-0.07632172026873829;-0.009184290558237803;-0.04422386282402921;-0.15191987034361715;-0.04235440356319702;0.2599941033298807
145;0.22203662873959484;0.0623776390802322;-0.01024957749428664;-0.07625314673511537;0.01705868441150709;-0.008140840309094954;-0.18116849189813095;-0.15849818038647456;0.1182044299295072;-0.03692194673937612;-0.28222783775708743;-0.05582790811623472;-0.038141640425873105;-0.08108557406231172;-0.016396917028833124;0.03248246941740134;0.09168792558507984
146;0.11350695194548674;-0.0529134826169981;0.03082669846451076;0.06258291352735512;-0.013218378442747526;-0.0009266040697497972;-0.0036429689959924447;-0.031878441540436994;0.14248473605443196;-0.0653162182539588;-0.23617711935439006;0.018161286486922758;-0.03398034658575801;-0.03262471966513449;0.0848823821145382;0.005864442893231875;-0.08032438530033742
147;0.0029866268480738083;-0.12229259101619651;0.06366461410856623;0.11440070088995295;-0.012922137641845936;0.018616755104306746;0.1397287116216343;0.12127045010442387;0.10301904150064987;-0.1363717521437743;-0.24419789825220783;0.11336947972291354;0.006171339246975458;0.10094171806266368;0.0339037855967775;-0.10210467312917865;-0.13667288496153385
148;-0.05165887927157982;1.4421827661334753e-05;0.08160319264053101;0.10970569311217225;0.010307183825483797;0.05218227003673219;0.16534944168352786;0.19552338918175519;-0.012278076843769956;-0.2049774937689452;-0.2687272889269919;0.18639699354808445;0.06358479677286406;0.2708950015393732;-0.1448342344926675;-0.18445280593654556;-0.06446415749570769
149;-0.009808837585050002;0.28637773277219597;0.08484730789163322;0.09875267880339735;0.04924139335928321;0.1015961362479663;0.09154664517931768;0.13856742226412158;-0.13922480581795055;-0.20648518581340936;-0.2710243796684294;0.19586055235344257;0.09883641938921274;0.3871623578199812;-0.30798378239258695;-0.17167617256295756;0.040706870495652296
150;0.1462893801379972;0.5580514525613662;0.0626880646995691;0.08913392382187886;0.09281634237403666;0.13593087905462525;0.0024359759966730214;0.00704393718897576;-0.19619882870350047;-0.12308134995166642;-0.23263186403987407;0.12173314180765132;0.07625023911874651;0.3599988100380381;-0.3170090544332063;-0.0972978938894429;0.0704457872614364
151;0.36354240227289897;0.6435272789639207;0.0028375105699215922;0.056572065552594954;0.12232221620214374;0.10779645784440847;-0.038707446737683844;-0.08254992819505186;-0.1682083104194987;-0.01662221929707537;-0.14474237793206252;-0.009391350829939655;-0.008573170128394397;0.18331893737719937;-0.1530543589985847;-0.0432080384869092;-0.000811571095123342
152;0.49984454497127273;0.49840834380838767;-0.0769186700213583;-0.0012904297013293983;0.12514100803431516;0.018951213151432056;-0.028607369936854626;-0.05775724845291229;-0.1131861057711824;0.020808278604168125;-0.015265782010028227;-0.11940161414385299;-0.1203403124071319;-0.020868688650234845;0.07315990526587486;-0.048642144296937716;-0.10511032545100528
153;0.4087223828947955;0.1910409582344736;-0.12249058035323787;-0.04708130782759066;0.11029936509348685;-0.05171284346494277;0.007827366146807095;0.05152490207249682;-0.0810401616651239;-0.039121857855570284;0.1121672815630627;-0.1237256669993754;-0.19919814212483214;-0.08670159419660382;0.21923328080778756;-0.08700988332823983;-0.15072104661256547
154;0.0785264994675785;-0.1762258018231951;-0.08938145234400757;-0.04627590426323164;0.09767853507960936;-0.020232909401435295;0.05619371511437798;0.14873861952872916;-0.04916391093346634;-0.12213519360955226;0.18109958422064956;-0.008547648487491469;-0.19210641798536093;0.029396609992440793;0.22576438019232287;-0.11066631041636867;-0.09966937619155562
155;-0.31848206738250734;-0.501127733026286;0.0024349470839597196;-0.01329898398811974;0.08663837502895783;0.09568497865161457;0.10583355017797375;0.15799029124873057;0.037962446305608966;-0.12066172085670304;0.18443897087497393;0.133570845036557;-0.08895242553455049;0.17993209591923445;0.14500045748578402;-0.09060127351327511;0.010318815372395594
156;-0.5459366943877058;-0.6726706380181295;0.07541850863286262;0.0008391850006793333;0.04664373597667455;0.17021757354467498;0.12702307194529336;0.0820247920985729;0.1716342927291493;-0.006157828622120753;0.18114416777327225;0.16843370340607475;0.05808185187843244;0.16427626387163566;0.06536827424240796;-0.0191057619856585;0.10471579887509375
157;-0.49618174296389816;-0.6033204526684016;0.06935626646048995;-0.03238128402895098;-0.04556573883422984;0.09771153993343928;0.08935156490509807;-0.011583639203264209;0.25452015457864957;0.13735715409419585;0.2195866458141053;0.04539920594340043;0.15829218934545197;-0.05163584773880613;0.017651834685212236;0.09016769282871141;0.13139537513500432
158;-0.2710195360095739;-0.31520638317134264;0.0038876679280239;-0.08380318416572628;-0.15896941363310704;-0.0782311977517364;0.010114541417018773;-0.052644805299279944;0.19729853324365598;0.1994818908988248;0.2541069054358959;-0.14049342308082333;0.14805323797361714;-0.2817501499397716;-0.03516273137107272;0.1869870234069634;0.09469034091644303
159;-0.07063156077578275;0.02687367879275149;-0.0472679631559842;-0.09844248487332372;-0.21501030091971396;-0.19382924427309053;-0.042118710554410695;-0.022810255587552127;0.029941679689397406;0.15584980157254816;0.18280170981668856;-0.22998721547507514;0.04746379537114481;-0.31246478293423025;-0.11849815011538915;0.19713710107828875;0.04326304479412961
160;-0.0037004499507472493;0.22334841682166784;-0.04365147753942177;-0.058656845921317265;-0.15818812680351407;-0.13890090994905585;-0.018927364447900993;0.03733755854791273;-0.11167377399602563;0.08179417204895485;-0.009432435888866988;-0.15669480511498596;-0.05354454792137971;-0.13530926320823114;-0.17941886154517042;0.09114807575267737;0.023681533579143745
161;-0.007194197017781179;0.2109108459648272;-0.0219959585643216;-0.006600612032541736;-0.021139239987603475;0.014841082896229863;0.037820409063693536;0.06720007461344531;-0.12226341472859142;0.056186806911861446;-0.17882593347565473;-0.016442303632295922;-0.07812487863552228;0.04642002645690732;-0.12687108374287204;-0.055366750517833824;0.03748363189475613
162;0.05392863666994524;0.11350010153239895;-0.041631066923518346;-0.000493178298979502;0.09263661475140725;0.08377744680788396;0.02531835189023467;0.03684778204147153;-0.03535286684072641;0.07243758194851833;-0.14409084330118507;0.03380377458134912;-0.033523869522964676;0.047249953075443635;0.05383985532741907;-0.10555695894707189;0.04099684542598866
163;0.21991025028228972;0.10094777622250334;-0.09956310768722569;-0.05270395812202369;0.10070045192875164;-0.02867732631568139;-0.10441766351889462;-0.030552204529367268;0.02219213090864471;0.062328272198412665;0.11133683834310924;-0.05465224993109426;0.0077589454306845945;-0.0999661745702548;0.24777826073070583;0.005074637883786394;-0.006883395556798336
164;0.3756402081663797;0.20000633199314197;-0.12554086551562482;-0.11565612300219998;0.015998435186697205;-0.22400443794203956;-0.2706085070731057;-0.08110031922322172;-0.02234461263933629;-0.0009763791326525014;0.3939376076792932;-0.1694924705551426;-0.003259225223245193;-0.20071418305292957;0.2998574758567713;0.18828791002856135;-0.09250813872505144
165;0.3563119893379214;0.26717186862497533;-0.06893927109590671;-0.12833344958809748;-0.07352791021871473;-0.31068733262775644;-0.32735941410121155;-0.0766679411759024;-0.10834232995574548;-0.053582674105218206;0.483374308746803;-0.16269421203063922;-0.03658924412286982;-0.13409408187701488;0.16552709532904378;0.28332699052945726;-0.14803429758047434
166;0.11420137160036974;0.1559671024868709;0.029922356510379524;-0.07359649966853794;-0.09571272915974174;-0.20038046802871085;-0.20606516815670403;-0.0238175052893675;-0.11973617446541435;-0.01392654300704155;0.3448030726029381;-0.01660004044941531;-0.02722796088902215;0.016807173801974336;-0.042034872177550905;0.221082430447699;-0.1138448528077121
167;-0.21511000290549723;-0.1077490238720748;0.07807135073924676;0.009827584192870505;-0.05769113866767208;0.014963463553395177;0.016525789611690836;0.039599507691546465;-0.0247206120428433;0.10577172889751237;0.13205748007263077;0.13374333768095256;0.03587742636375916;0.08321406551922832;-0.16670516596185567;0.08622895189808316;-0.003696087267519972
168;-0.4121350485942478;-0.33676665465228317;0.03667140576692759;0.06668231442640529;-0.02097981886123666;0.17277633753311095;0.19571134728281395;0.08293889202685753;0.0862910439530102;0.18909490645417262;-0.005646186370478669;0.14504093244445165;0.08767145566776371;0.017996624424550734;-0.16273676745228016;0.00678521699089552;0.09854995443482724
169;-0.351233506860067;-0.3644807232535907;-0.03352614072615747;0.0723647399014592;-0.026845187381671166;0.19772819401334296;0.2512448418688468;0.10494804069581415;0.10407802971890194;0.13156630167887162;-0.07075079192217232;0.01447992544219763;0.06253349206322599;-0.06176385738703914;-0.11871612635381258;0.007908770143576205;0.11436312265046664
170;-0.1002027830859649;-0.1990199651524576;-0.04541407255480019;0.04424336850686158;-0.058188759463675806;0.13932653424637248;0.21376589427863743;0.11940735317703258;0.020897819027061733;-0.042173149086513005;-0.15216696254793094;-0.12766266641028398;-0.02372927527433181;-0.03386965784510178;-0.13398048219555533;0.0062275487635531064;0.04347447846536666
171;0.1433189863585562;0.004667554508994708;0.011242020295072848;0.014907029590474588;-0.07151194536103919;0.07979468596916063;0.15574724043006904;0.1272256894476067;-0.06879291770842254;-0.1938651943691982;-0.2598864124938974;-0.16108708016999557;-0.08720703254355555;0.07731227910879408;-0.19810511064266942;-0.0597442878999324;-0.040915679144266484
172;0.21847427401475172;0.10436575376849196;0.062124193883373875;0.0009202771998179208;-0.05040006031562717;0.044029411060844556;0.10717177905944203;0.1122763255675551;-0.07866378169809134;-0.2067195368857537;-0.29084292712780524;-0.08840272368047578;-0.07000071590516016;0.14001306301677718;-0.2124564455122961;-0.13858022654509772;-0.06773587184383005
